    7     6        6245302.2
   13    12        6415650.7
   14    13        6612143.2
   27    26        5631115.0
   31    30        6875306.3
   48    47        7973761.1
   51    50       10040140.1
   52    51        7023967.1
   53    52       10935149.0
   80    79        6011957.4
  104   103        6110315.6
  137   136        5706441.6
  154   153       13268155.0
  160   159        6266237.5
  162   161        7353921.2
  163   162        5781119.0
  164   163       12910562.3
  170   169        6312928.9
  176   175        5692052.4
  177   176        5885666.3
  179   178        7087487.3
  181   180        7887591.8
  182   181        5008921.8
  183   182        6385483.7
  184   183        5616525.7
  188   187        7339569.2
  193   192        5659136.2
  201   200        6690846.8
  204   203        6135136.5
  211   210        6287197.0
  212   211        6567721.4
  213   212        6626097.0
  240   239        5109117.8
  245   244        7599319.1
  256   255        5341636.2
  261   260       15783013.5
  374   305        9034839.5
  409   293        6472762.4
  485   374       17235737.6
  492   286       11264724.1
  515   410       13587672.7
  515   451       13348191.6
  557   317       13537178.5
  612   382        7420504.0
  641   436       10079340.5
  658   300        5756920.1
  691   449        5386548.7
  706   538       11066433.2
  734   304        6578016.5
  751   575        5406459.9
  754   532       10360724.2
  771   288        8606046.4
  772   612        9553157.7
  779   651        6035219.4
  800   327        5164443.5
  801   768        8734602.2
  817   685        6551062.5
  833   331        6397565.7
  833   799       25614410.5
  839   305       16664805.4
  840   374        5495656.8
  856   727        5310155.9
  865   742        8359596.9
  867   437        5931026.9
  873   552        6890791.4
  873   828        9759305.0
  888   640        6436894.5
