   51    50       10040140.1
   53    52       10935149.0
  154   153       13268155.0
  164   163       12910562.3
  261   260       15783013.5
  374   305        9034839.5
  485   374       17235737.6
  492   286       11264724.1
  515   410       13587672.7
  515   451       13348191.6
  557   317       13537178.5
  641   436       10079340.5
  706   538       11066433.2
  754   532       10360724.2
  771   288        8606046.4
  772   612        9553157.7
  801   768        8734602.2
  833   799       25614410.5
  839   305       16664805.4
  865   742        8359596.9
  873   828        9759305.0
